CO2,Building_Construction_Type,Type_B,Location_B,clear_Area,clear_floors
21.5,2,1,4,94.0,1.0
28.3,2,1,4,4646.0,1.01
33.3,3,0,4,9291.0,15.0
34.3,2,0,4,930.0,1.02
50.2,2,1,4,101.38,1.05
55.9,3,1,4,18581.0,7.0
58.3,3,0,1,2324.0,7.01
59.0,3,1,4,9420.69,7.01
65.9,2,0,4,4728.07,1.08
66.7,2,1,4,2335.17,1.08
68.3,2,1,4,2337.3,1.09
70.0,2,1,4,2339.56,1.09
70.5,2,1,4,2340.23,1.09
72.8,2,1,4,2343.29,1.09
74.3,2,1,4,107.57,1.1
79.0,2,0,4,9521.62,1.11
83.3,2,0,2,9543.32,1.11
88.3,2,1,4,111.17,1.12
90.0,3,0,4,19116.99,7.13
90.8,2,1,4,2367.24,1.13
91.7,2,1,4,2368.43,1.13
92.0,2,0,4,466.0,1.13
93.0,2,0,4,9592.27,1.13
95.0,2,1,4,112.89,1.13
96.0,3,1,4,113.15,1.14
99.2,2,1,4,113.97,1.14
99.2,2,1,4,113.97,1.14
100.0,2,0,4,19274.17,1.14
100.0,2,0,4,46452.0,1.14
101.7,2,1,4,2381.74,1.15
102.0,2,0,4,19305.61,1.15
103.3,2,1,4,2383.86,1.15
104.2,2,0,4,4811.66,1.15
106.0,2,0,4,2387.46,1.16
108.3,3,0,1,2390.52,7.2
109.0,2,0,4,9673.02,1.16
109.0,0,0,4,2391.45,25.0
110.8,2,1,4,116.95,1.16
111.0,0,1,1,92903.0,15.68
112.0,2,-1,4,2395.44,1.17
114.1,3,0,4,4833.27,7.22
115.0,2,1,4,118.03,1.17
115.0,0,0,4,19509.95,15.72
115.9,0,0,2,93070.36,25.06
116.5,0,0,2,93090.86,25.06
116.6,0,0,2,93094.27,25.06
117.0,2,0,4,19541.38,1.18
118.0,3,0,4,4841.78,7.24
118.0,2,0,4,4841.78,1.18
118.8,0,0,2,93169.41,25.08
119.0,3,0,4,4843.97,7.24
119.7,0,0,2,93200.15,25.09
123.0,2,0,4,4852.7,1.19
124.2,2,1,4,120.4,1.19
124.2,2,1,4,120.4,1.19
124.5,2,0,4,2412.07,1.19
125.2,3,0,4,4857.5,7.27
126.0,3,1,4,46847.72,15.81
126.6,0,0,4,93435.83,25.14
126.8,0,0,4,93442.66,25.15
127.0,2,0,4,472.11,1.19
128.0,2,0,4,4863.61,1.2
128.3,2,1,4,2417.12,1.2
129.0,2,0,4,978.97,1.2
129.1,0,0,4,93521.22,25.17
130.0,2,1,4,121.89,1.2
131.0,0,0,2,93586.11,25.18
131.5,0,0,4,93603.19,25.18
132.4,0,0,2,93633.93,25.19
132.8,0,0,2,93647.59,25.2
133.0,3,0,4,19792.88,7.3
133.3,0,0,2,93664.67,25.2
134.0,2,0,4,981.56,1.21
135.4,0,0,2,93736.4,25.22
135.7,0,0,2,93746.65,25.22
136.7,0,0,2,93780.8,25.23
138.3,0,0,4,93835.45,25.24
140.0,2,0,4,9829.46,1.22
140.1,0,0,4,93896.93,25.26
140.4,2,0,4,984.87,1.22
140.8,0,0,2,93920.84,25.26
142.0,2,0,0,4894.17,1.22
142.7,0,0,2,93985.74,25.28
142.7,0,0,4,93985.74,25.28
143.0,2,0,4,474.9,1.22
143.3,2,1,4,125.3,1.22
146.5,0,0,2,94115.53,25.31
147.5,0,0,4,94149.68,25.32
147.5,3,0,4,47174.94,7.35
147.5,3,0,4,47174.94,7.35
147.6,2,1,4,126.41,1.23
148.3,2,1,4,126.59,1.23
148.8,3,0,4,4909.01,7.36
149.0,2,0,4,4909.44,1.23
149.0,2,0,4,989.32,1.23
149.9,0,0,4,94231.66,25.34
150.9,3,0,4,4913.59,7.37
150.9,0,0,4,94265.81,25.34
151.7,2,1,4,127.46,1.24
152.3,0,0,4,94313.63,25.36
152.5,3,0,4,20099.38,7.37
152.5,3,0,4,20099.38,7.37
153.0,3,0,4,47258.65,7.37
153.3,0,0,4,94347.79,25.36
153.8,0,0,4,94364.86,25.37
154.3,3,0,4,4921.01,7.38
154.4,3,0,4,47279.96,7.38
154.6,0,0,2,94392.19,25.37
155.0,2,0,4,9905.15,1.25
155.2,3,0,4,47292.14,7.38
156.8,3,0,1,20166.97,7.39
157.0,2,0,4,4926.91,1.25
157.0,3,1,2,2455.3,7.39
159.2,3,0,4,20204.69,7.4
159.2,3,0,4,20204.69,7.4
159.2,3,0,4,20204.69,7.4
160.0,3,0,4,20217.27,7.4
161.3,2,0,4,47384.98,1.26
162.5,2,1,4,130.24,1.26
163.1,2,1,4,130.39,1.26
165.6,2,1,4,131.04,1.26
166.1,2,0,4,4946.77,1.27
166.7,2,1,2,131.32,1.27
167.0,3,0,4,20327.3,7.43
167.8,2,1,4,131.6,1.27
168.0,3,0,4,47486.95,7.43
168.0,2,0,4,9970.76,1.27
168.4,0,0,2,94863.54,25.49
168.4,2,0,4,2470.47,1.27
168.6,2,1,4,131.81,1.27
169.0,0,0,4,94884.03,25.49
169.4,0,0,2,94897.69,25.5
169.5,0,0,2,94901.11,25.5
170.0,2,1,2,132.17,1.27
170.1,2,0,4,2472.73,1.27
170.2,2,1,4,132.22,1.27
170.5,2,1,4,132.3,1.27
171.0,2,0,4,9985.9,1.27
171.0,0,0,4,20390.17,25.51
172.0,2,0,4,20405.89,1.28
173.0,3,0,4,20421.61,7.45
175.0,2,1,4,133.45,1.28
176.0,2,0,4,1003.28,1.28
176.0,3,0,4,47608.71,7.46
176.0,3,0,4,20468.76,7.46
176.9,2,1,4,133.94,1.29
176.9,0,0,2,95153.86,25.56
177.0,3,0,4,20484.48,7.47
177.0,2,0,4,20484.48,1.29
177.2,0,0,4,95164.11,25.56
178.0,0,0,2,95191.43,25.57
178.0,3,0,4,20500.2,7.47
179.0,2,1,2,0.0,1.29
181.0,2,0,4,134.99,1.29
181.2,2,1,4,135.05,1.29
181.8,2,1,4,135.2,1.29
184.0,3,1,4,47730.47,7.49
185.0,3,0,4,47745.69,7.5
185.4,2,1,4,136.12,1.3
185.9,2,1,4,136.25,1.3
186.0,0,0,2,95464.68,25.63
187.2,2,1,4,136.59,1.3
187.5,3,0,4,47783.74,7.51
187.9,2,1,4,136.77,1.31
189.0,0,0,4,95567.14,25.66
189.0,2,0,4,1010.0,1.31
190.2,2,1,4,137.36,1.31
191.0,3,0,4,20704.53,7.52
191.1,2,1,4,137.59,1.31
191.3,0,0,2,95645.7,25.68
191.4,0,0,4,95649.12,25.68
191.6,3,0,4,47846.14,7.52
191.6,3,0,4,47846.14,7.52
192.0,2,0,4,5003.3,1.31
193.3,3,0,4,20740.69,7.53
193.3,3,0,4,20740.69,7.53
193.9,3,1,4,138.31,1.32
194.0,2,0,4,47882.67,1.32
194.2,2,1,4,138.39,1.32
196.8,2,1,4,139.05,1.32
197.5,3,0,4,20806.7,7.55
197.5,3,0,4,20806.7,7.55
197.5,3,0,4,20806.7,7.55
197.5,3,0,4,20806.7,7.55
198.1,0,0,2,95877.96,25.73
199.0,2,0,4,10127.2,1.33
199.3,0,0,4,95918.95,25.74
200.0,2,0,4,1015.69,1.33
200.0,2,1,2,139.88,1.33
200.0,2,1,4,139.88,1.33
200.2,0,0,4,95949.69,25.75
201.0,0,1,4,20861.72,25.76
202.9,0,0,4,96041.91,25.77
203.0,2,0,1,48019.65,1.33
203.0,2,0,4,20893.15,1.33
204.7,2,1,4,141.09,1.34
206.0,0,1,4,20940.31,16.52
206.4,3,0,4,10164.54,7.58
206.8,2,1,4,141.62,1.34
207.0,0,0,4,20956.03,16.53
208.0,3,0,4,48095.74,7.59
208.6,0,0,2,96236.59,25.82
209.1,2,1,4,142.22,1.34
211.0,2,0,4,5044.77,1.35
211.0,2,0,4,486.77,1.35
211.3,2,1,4,142.78,1.35
211.4,0,0,4,96332.23,25.84
213.0,2,0,4,21050.33,1.35
213.0,0,0,2,96386.88,25.85
213.0,0,0,2,96386.88,25.85
213.3,2,1,4,143.3,1.35
215.0,2,1,4,143.73,1.36
215.2,2,1,4,143.78,1.36
215.6,0,0,2,96475.68,25.88
216.1,2,0,4,5055.9,1.36
216.1,2,0,4,5055.9,1.36
220.0,2,0,4,2539.11,1.36
221.0,3,0,4,10238.22,7.64
221.5,0,1,1,10240.74,25.92
222.2,2,1,4,145.58,1.37
223.0,2,0,4,1027.58,1.37
224.0,0,0,4,96762.59,16.67
225.0,3,0,4,21238.95,7.65
225.0,3,0,4,21238.95,16.68
227.0,2,0,4,21270.39,1.38
227.7,2,0,4,10272.03,1.38
228.5,2,0,4,5082.96,1.38
228.5,2,0,4,5082.96,1.38
229.0,3,0,4,48415.36,16.72
229.6,0,0,4,96953.86,25.99
229.9,0,0,4,96964.11,25.99
230.0,2,0,4,5086.24,1.38
231.0,2,0,4,21333.26,1.38
231.0,0,1,1,10288.68,26.0
232.0,2,0,4,5090.6,1.39
235.0,3,0,4,48506.68,16.77
236.0,3,1,1,10313.92,16.78
236.3,0,0,4,97182.71,26.05
236.3,0,0,4,97182.71,26.05
237.0,2,0,4,21427.57,1.4
240.0,3,0,4,21474.73,7.71
240.7,0,0,4,97332.99,26.08
241.0,2,0,4,48598.0,1.4
241.7,3,0,1,2567.98,7.72
242.0,0,0,4,97377.39,26.09
245.0,0,0,4,97479.86,26.12
245.5,0,0,2,97496.94,26.12
245.5,0,0,2,97496.94,26.12
247.0,0,0,4,5123.34,1.41
247.1,0,0,4,97551.59,26.13
247.8,0,0,4,97575.5,26.14
248.0,3,0,4,10374.47,1.42
250.8,0,0,2,97677.96,26.16
251.0,3,0,4,10389.61,1.42
252.0,3,0,4,2581.68,1.42
252.0,3,0,4,5134.26,1.42
252.0,3,0,4,10394.66,1.42
253.0,0,1,4,21679.06,26.18
254.0,3,0,4,48795.86,7.76
254.0,3,0,4,10404.75,1.43
255.0,3,0,4,1044.13,1.43
255.0,3,0,4,1044.13,1.43
256.0,3,0,4,48826.3,7.77
256.0,3,0,4,97855.57,7.77
257.0,0,1,1,48841.52,26.22
257.0,3,0,4,21741.94,7.77
257.6,0,0,4,97910.22,26.22
258.0,3,0,4,21757.66,1.43
258.0,3,0,4,2589.66,1.43
258.0,0,0,4,48856.74,26.22
258.3,0,0,2,97934.13,26.23
259.0,3,0,1,48871.96,7.78
259.0,3,0,4,21773.37,1.44
259.6,3,0,4,1046.51,1.44
260.0,3,1,4,5151.72,7.79
260.0,0,0,4,48887.18,26.24
261.0,3,0,4,21804.81,17.0
261.3,3,1,2,5154.55,7.79
262.0,3,0,4,5156.08,1.44
264.0,3,0,4,10455.22,1.45
265.1,3,0,2,21869.25,7.81
265.1,0,0,4,98166.39,26.28
265.7,3,0,4,21878.69,1.45
266.0,0,0,4,98197.13,26.29
266.0,3,0,4,5164.81,1.45
266.7,3,0,1,2601.24,7.81
269.9,3,0,4,10484.99,7.82
271.4,3,0,1,10492.56,1.46
272.0,3,0,4,10495.59,1.46
273.0,3,0,4,5180.09,1.46
273.2,3,1,2,93.0,1.46
274.0,3,0,4,2610.95,1.46
276.0,3,0,4,10515.77,1.47
277.0,3,0,4,1055.51,1.47
281.6,3,0,4,22128.61,7.87
283.0,0,0,4,98777.78,26.43
285.0,3,0,4,10561.19,1.48
285.0,3,0,4,10561.19,7.88
285.4,0,0,4,98859.75,26.45
285.4,0,0,4,98859.75,26.45
286.0,3,0,4,49282.89,1.49
286.0,3,0,4,1060.16,1.49
286.0,3,0,4,2626.91,1.49
289.0,3,0,4,5215.01,1.49
292.0,0,0,0,99085.18,26.5
292.0,3,1,4,5221.56,7.91
292.3,3,0,4,10598.03,1.5
293.6,3,0,4,10604.59,1.5
294.0,3,0,4,5225.93,7.92
294.0,0,0,4,49404.65,26.52
300.0,3,0,4,2645.54,7.94
302.7,3,0,1,10650.51,1.52
303.7,1,0,4,49552.28,26.6
304.0,3,0,4,5247.75,1.52
305.3,3,0,4,22501.13,1.52
306.8,3,0,1,22524.7,1.52
308.3,3,0,4,5257.14,1.53
309.0,1,1,4,22559.28,26.64
309.0,0,0,4,10682.31,1.53
309.0,0,0,2,10682.31,1.53
310.0,0,0,4,10687.35,7.98
310.0,0,0,4,2658.84,1.53
310.2,0,0,4,49651.21,7.98
312.8,0,1,4,22619.01,7.99
313.0,0,0,3,22622.16,1.54
314.0,0,1,2,2664.16,7.99
316.0,0,1,1,99904.92,26.7
317.0,0,0,1,5276.13,17.49
317.0,0,0,4,505.27,1.54
318.6,0,0,4,99993.72,8.01
319.6,0,1,1,5281.8,1.55
321.0,0,0,1,49815.59,8.02
321.8,0,1,2,5286.6,8.02
322.0,0,0,4,1078.78,1.55
323.0,0,0,4,5289.22,1.55
328.0,1,1,1,100314.78,26.8
328.0,1,0,4,22857.93,26.8
328.0,0,1,4,2682.79,1.56
329.0,0,0,2,5302.32,8.05
335.0,0,0,3,100553.87,8.07
336.0,0,0,4,50043.89,17.66
338.0,0,0,4,23015.11,1.58
340.0,0,0,3,10838.75,1.58
340.8,0,0,4,2699.81,1.59
341.0,0,0,4,50119.99,8.1
341.0,0,0,4,23062.27,8.1
341.7,0,0,1,2701.01,8.1
342.0,0,1,1,5330.69,17.71
343.0,0,0,4,5332.88,1.59
344.0,0,0,4,2704.07,1.59
346.4,0,0,4,50202.17,1.6
347.0,0,0,3,10874.07,8.12
350.0,0,0,1,2712.05,8.13
352.0,0,0,4,1094.29,1.61
352.1,0,0,2,23236.74,8.14
354.8,0,0,2,50330.02,8.15
355.0,0,0,4,511.9,1.61
355.0,1,1,4,50333.06,27.02
355.0,0,1,2,10914.44,8.15
356.0,1,0,1,101271.14,27.03
356.0,0,0,4,23298.04,1.61
358.3,0,0,1,2723.09,8.16
359.0,0,0,4,2724.03,1.62
359.2,0,0,1,2724.29,1.62
361.0,0,0,3,101441.92,8.17
362.1,0,1,2,181.54,1.63
362.5,0,0,4,50447.21,1.63
364.0,1,0,4,101544.39,27.09
366.5,1,0,4,23463.08,17.93
367.6,0,0,2,5386.57,8.2
369.3,0,0,1,514.39,1.64
370.7,0,0,2,10993.67,8.21
370.8,1,1,4,50573.54,27.15
371.0,0,0,4,2739.99,1.64
373.8,0,1,2,184.55,8.22
374.0,0,0,4,23580.97,8.22
374.0,0,1,4,11010.33,8.22
375.2,0,0,4,23599.83,8.23
377.0,0,0,4,11025.46,1.65
379.0,1,0,3,102056.72,27.22
380.0,1,0,4,102090.88,27.23
381.0,0,0,4,102125.04,1.66
381.0,0,0,4,23691.0,8.25
383.0,0,0,3,50759.22,1.66
385.0,0,1,2,187.42,1.67
385.4,1,0,4,102275.32,27.27
385.5,0,0,4,23761.73,8.27
385.7,1,1,2,50800.31,18.09
386.0,0,0,4,2759.94,1.67
387.2,0,0,4,23788.45,8.28
388.0,1,0,4,50835.32,18.11
388.1,1,1,5,23802.6,18.12
389.0,0,0,4,5433.28,1.67
389.0,0,0,4,23816.74,8.28
391.0,0,0,4,5437.64,1.68
391.7,0,0,1,2767.53,8.29
392.0,0,0,4,50896.2,8.29
392.0,1,0,4,50896.2,27.33
393.1,1,0,4,102538.32,27.33
393.7,0,0,1,23890.62,1.68
394.5,0,0,4,5445.28,8.3
396.5,1,0,4,50964.69,27.36
399.0,0,0,4,23973.93,1.69
399.0,0,0,2,11136.49,8.32
401.0,0,0,1,11146.58,1.7
401.0,1,0,1,51033.18,27.4
401.0,0,0,4,5459.47,1.7
402.0,1,0,4,102842.3,27.41
402.0,0,0,4,11151.63,1.7
405.0,1,0,4,102944.77,27.43
406.0,0,0,4,24083.95,8.35
407.1,1,1,1,2788.01,18.28
408.0,1,0,0,24115.39,8.36
409.0,0,0,4,1123.77,1.71
411.5,1,1,4,24170.4,18.32
413.0,1,0,1,11207.14,8.37
413.0,0,0,4,5485.66,1.72
415.9,0,0,4,1127.34,1.72
416.0,0,0,3,24241.14,1.72
417.3,0,0,1,24261.57,1.73
417.3,1,0,4,24261.57,27.53
417.7,1,0,4,24267.86,27.54
421.0,0,0,1,24319.73,1.73
421.0,1,0,4,24319.73,8.41
422.0,1,0,4,5505.3,8.41
422.1,1,1,1,51354.32,27.57
423.0,0,0,2,2809.17,1.74
424.0,1,1,1,51383.23,27.59
424.0,0,0,4,2810.5,1.74
425.0,0,0,4,11267.69,1.74
427.1,1,1,4,24415.61,27.61
428.0,1,0,4,51444.11,27.62
430.0,1,1,4,103798.66,27.64
430.3,0,0,4,5523.42,1.75
431.0,0,0,1,11297.97,1.75
432.3,1,0,2,51509.56,27.66
433.0,1,0,3,51520.21,27.66
435.0,0,0,4,11318.16,1.76
436.0,1,0,4,24555.5,18.54
436.3,1,1,4,24560.22,18.54
437.0,1,1,2,24571.22,8.47
437.3,1,0,3,51585.66,18.55
438.0,1,0,4,51596.31,8.47
439.3,1,0,1,104116.31,27.71
440.0,0,0,4,11343.39,1.77
441.7,0,1,2,527.03,1.77
442.0,1,0,1,104208.53,27.74
442.1,1,0,2,24651.38,8.49
443.2,1,0,1,11359.54,18.6
444.0,0,1,4,1141.87,1.78
445.0,0,0,4,2838.43,1.78
445.8,1,0,2,11372.66,8.5
446.0,1,0,4,24712.68,8.5
447.0,1,1,1,5559.87,8.51
449.3,1,0,4,51768.3,8.51
450.5,0,0,4,528.57,1.79
453.0,1,0,3,24822.71,18.69
454.6,1,0,1,104638.89,8.54
454.7,1,0,4,24849.43,8.54
455.6,1,0,2,11422.12,8.54
456.0,0,0,4,5579.51,1.8
457.2,1,1,4,24888.73,8.55
457.6,1,0,2,5583.01,8.55
459.0,1,1,4,24917.02,8.55
459.3,0,0,4,11440.79,1.8
459.5,1,0,1,51923.54,18.74
460.3,0,0,2,11445.83,1.81
460.7,1,0,2,11447.85,8.56
461.5,0,0,4,11451.89,1.81
462.1,1,0,1,51963.11,27.9
463.0,1,1,1,11459.46,27.91
463.8,1,1,2,207.68,8.57
464.0,0,0,4,11464.51,1.81
464.2,0,0,1,24998.75,1.81
466.7,1,0,4,52033.12,8.58
467.6,1,0,2,25052.2,8.59
470.7,1,0,1,105188.8,27.97
471.0,0,0,4,5612.25,1.83
471.3,0,-1,2,2873.42,1.83
472.5,1,1,1,25129.22,27.99
477.7,1,1,4,52200.54,18.9
478.0,0,0,4,1159.45,1.84
480.0,0,0,4,5631.9,1.84
480.0,1,0,4,25247.1,8.63
483.7,1,0,1,52291.86,28.08
484.9,1,0,1,25324.12,28.09
485.0,0,0,4,1163.07,1.85
487.0,0,0,4,5647.18,1.85
490.0,1,0,1,52387.74,19.01
493.4,1,0,2,52439.49,19.04
494.0,1,1,4,25467.16,28.16
497.9,1,0,1,106117.84,28.2
500.2,0,0,2,5675.99,1.88
501.3,1,1,1,5678.39,8.71
504.1,1,1,1,52602.34,28.25
505.9,1,1,1,2919.45,8.73
507.0,0,0,4,25671.5,1.89
508.0,1,0,0,52661.7,8.74
509.0,0,0,4,5695.19,1.89
510.0,0,0,4,11696.64,1.9
515.0,0,0,4,1178.59,1.91
516.0,0,0,4,11726.92,1.91
517.1,0,0,4,540.19,1.91
517.5,0,1,1,25836.54,1.91
519.1,0,0,4,25861.69,1.91
519.5,1,0,2,25867.97,8.78
520.8,1,0,4,106900.0,28.38
521.2,0,1,1,25894.69,1.92
522.2,0,0,4,541.08,1.92
522.9,1,0,4,52888.48,19.3
528.0,1,1,2,26001.58,8.82
528.5,1,1,1,2949.51,19.35
528.5,1,0,1,107163.0,28.45
529.0,0,0,4,5738.85,1.93
529.2,1,0,1,52984.36,28.45
531.9,1,0,1,26062.88,19.38
532.0,0,0,4,542.79,1.94
532.1,1,0,2,26066.02,8.83
532.1,1,0,2,26066.02,8.83
533.0,0,0,4,1187.89,1.94
533.0,1,0,4,53042.2,19.39
534.0,0,0,2,26095.89,1.94
535.0,1,0,1,53072.64,8.84
538.6,1,0,1,53127.43,28.53
540.0,1,1,4,26190.2,19.45
542.0,0,0,4,544.53,1.96
542.7,1,0,4,2968.4,1.96
544.0,0,0,3,2970.13,1.96
544.6,1,0,1,11871.25,8.88
545.2,1,0,4,26271.93,1.96
545.4,1,1,1,11875.29,8.88
547.6,1,0,2,5779.44,8.89
549.3,1,0,1,53290.28,28.62
549.5,0,0,4,545.84,1.97
550.0,1,0,1,53300.94,28.62
550.7,1,1,1,11902.03,8.91
550.7,1,0,2,11902.03,8.91
553.8,1,1,2,230.81,8.92
557.8,1,0,2,11937.86,8.93
561.0,1,0,4,53468.35,8.94
562.0,1,0,4,108307.21,19.64
564.1,1,0,4,53515.54,8.96
566.9,0,0,2,3000.6,2.0
569.7,1,0,3,108570.21,28.78
570.0,0,0,3,11999.43,2.01
571.9,1,0,1,53634.25,19.73
576.0,0,0,4,5841.43,2.02
577.0,0,0,4,5843.61,2.02
578.2,1,1,1,3015.63,9.01
578.6,1,0,1,53736.22,28.86
580.4,1,0,4,53763.62,19.8
581.1,1,0,1,26836.22,28.88
581.3,1,0,1,108966.42,28.88
582.1,1,1,4,108993.74,28.89
583.0,0,0,4,1213.75,2.03
583.3,0,0,2,5857.36,2.03
583.6,1,0,1,1214.06,9.03
584.6,0,0,1,5860.2,2.03
587.2,1,0,4,53867.11,28.93
587.6,1,1,4,53873.2,28.93
589.1,1,0,1,109232.83,9.05
590.4,1,0,1,109277.24,9.06
591.6,1,1,1,53934.08,9.06
591.7,1,0,1,109321.64,28.97
592.2,0,0,4,12111.46,2.05
594.0,0,0,4,3036.65,2.05
594.0,1,0,4,27038.98,9.07
597.0,1,0,3,54016.27,29.01
598.0,0,0,4,27101.85,2.06
598.7,1,1,1,54042.14,29.02
601.0,0,0,4,12155.87,2.06
604.9,0,0,0,3051.15,2.07
607.2,1,0,1,27246.46,29.09
607.4,1,0,1,109857.88,29.09
610.0,0,0,4,12201.29,2.08
612.6,1,0,1,110035.49,20.09
612.7,1,0,1,110038.91,29.14
614.7,1,0,1,54285.66,29.15
614.7,1,0,1,110107.22,9.15
615.3,1,0,1,27373.78,9.15
617.0,0,0,4,557.62,2.09
617.4,0,0,1,27406.79,2.09
621.0,0,0,4,5939.65,2.1
623.1,1,0,3,110394.13,29.22
627.4,0,0,1,54478.95,2.11
629.5,1,1,1,3083.88,9.21
629.8,1,0,1,54515.48,20.24
631.6,1,0,2,54542.88,29.29
639.0,1,1,1,110937.2,29.35
639.2,1,0,4,54658.55,9.25
639.3,1,1,1,27751.02,20.32
643.0,0,0,2,3101.83,2.14
643.4,1,0,1,54722.47,29.39
644.0,0,0,4,1245.3,2.14
645.0,0,0,4,3104.5,2.14
646.4,1,0,2,54768.13,29.42
647.4,0,0,4,562.93,2.15
648.0,0,0,4,3108.49,2.15
651.0,0,0,4,6005.13,2.16
652.0,1,0,1,54853.36,29.46
652.0,0,0,4,6007.31,2.16
653.4,0,0,3,111429.04,2.16
655.0,1,1,4,27997.79,29.49
656.9,1,0,1,54927.94,29.5
661.0,0,0,4,258.36,2.17
661.0,1,0,4,28092.1,9.33
661.6,1,0,1,12461.68,20.52
662.0,0,0,4,12463.7,2.18
664.1,1,0,2,6033.72,2.18
665.0,0,0,4,6035.69,2.18
667.0,1,0,1,55081.66,29.58
667.4,1,0,1,55087.75,29.59
677.8,1,0,1,6063.62,29.67
692.2,1,1,4,55465.2,29.79
695.2,0,0,2,3171.28,2.24
701.0,1,0,2,6114.26,29.86
701.9,1,0,4,28734.98,29.87
704.7,1,0,1,55655.45,9.5
715.1,0,0,1,55813.73,2.27
718.0,1,0,4,113635.5,21.01
719.0,1,0,2,12751.35,9.55
723.6,0,0,4,29076.06,2.29
724.0,0,0,1,6164.46,2.29
726.7,1,1,4,55990.28,30.07
728.5,0,0,1,12799.29,2.3
729.0,1,0,1,56025.29,30.09
737.9,1,0,1,114315.2,30.17
742.0,0,0,4,29365.28,2.32
744.9,1,0,3,114554.29,30.22
746.0,0,0,4,12887.6,2.33
754.2,0,0,4,3249.77,2.35
754.7,1,0,1,114889.02,30.3
762.3,1,0,2,56532.11,30.37
768.0,1,1,4,583.98,9.74
774.7,1,0,1,13032.44,9.77
775.7,1,0,1,115606.28,30.48
782.0,0,0,4,29994.01,2.4
790.0,0,0,4,30119.76,2.41
791.0,0,0,4,6310.7,2.41
795.0,0,0,4,588.69,2.42
795.8,1,0,1,116292.81,30.64
802.0,0,0,4,1327.0,2.43
802.0,0,0,4,1327.0,2.43
802.0,0,0,4,1327.0,2.43
803.2,1,0,1,30327.24,9.88
804.9,1,0,1,30353.96,21.78
806.5,1,0,2,116658.28,30.73
820.0,0,0,4,3337.3,2.47
841.6,1,0,1,6421.14,10.03
842.8,1,1,1,30949.68,22.11
852.8,1,1,1,31106.86,31.11
856.4,0,0,1,6453.44,2.53
858.8,1,0,3,118444.62,31.16
863.0,0,0,4,13478.04,2.54
864.1,1,1,1,3395.97,10.11
870.0,1,0,3,31377.21,31.25
871.0,0,0,4,3405.15,2.56
873.0,0,0,4,1363.72,2.56
876.0,0,0,4,1365.27,2.57
881.0,0,0,1,31550.11,2.58
896.9,1,0,4,58580.7,10.24
902.9,0,0,1,13679.39,2.62
905.8,0,0,1,120049.94,2.62
910.0,0,0,4,13715.22,2.63
910.0,0,0,4,13715.22,2.63
913.2,0,0,4,58828.79,2.64
914.5,1,1,1,32076.68,31.62
917.4,1,0,4,120446.15,22.76
925.9,0,0,1,59022.08,2.66
927.0,0,0,4,3479.64,2.66
935.0,1,0,4,32398.9,10.38
935.0,1,0,1,121047.29,31.79
950.0,0,0,4,6657.74,2.7
965.1,1,0,4,122075.37,32.03
974.0,0,1,4,6710.12,10.53
979.0,0,0,4,14063.43,2.76
993.3,0,0,4,3567.84,2.78
995.0,0,0,4,3570.11,2.79
1001.0,0,0,4,3578.09,2.8
1001.3,1,0,2,33441.02,10.64
1004.0,0,1,4,346.52,2.8
1009.0,0,0,4,626.03,2.81
1055.6,0,0,4,60996.09,2.9
1060.0,1,0,3,125316.75,32.81
1065.0,0,0,1,1463.01,2.92
1082.0,0,0,4,1471.8,2.95
1103.3,0,0,4,35044.28,2.99
1108.0,1,0,4,1485.25,24.44
1147.4,0,0,4,35737.45,3.07
1154.1,0,0,1,62495.25,3.08
1167.0,1,0,4,128971.4,33.69
1172.0,1,0,1,129142.18,25.0
1173.4,0,0,4,1519.07,3.11
1186.0,1,0,4,15108.04,11.35
1187.0,0,0,4,15113.09,3.14
1194.0,0,0,4,15148.41,3.15
1207.0,0,0,4,36674.26,3.18
1247.0,0,0,3,7305.98,3.25
1261.0,0,0,4,670.01,3.28
1289.7,1,0,2,64559.06,34.7
1294.0,0,0,4,675.77,3.34
1314.0,0,0,4,3994.48,3.37
1386.0,0,0,4,7609.37,3.51
1417.0,0,0,4,7677.03,3.56
1447.5,1,0,3,138552.07,36.0
1455.0,0,0,4,4182.05,3.63
1465.0,0,1,2,465.0,3.65
1474.0,0,0,4,16561.42,3.67
1479.0,0,0,4,1677.1,3.68
1604.0,0,0,4,1741.74,3.91
1604.0,0,0,4,1741.74,3.91
1604.0,0,0,4,1741.74,3.91
1629.0,0,0,4,69723.16,3.95
1665.7,1,0,4,70281.73,13.2
1707.0,0,0,4,747.85,4.09
1765.0,0,0,4,1825.0,4.2
1803.0,0,0,4,4645.0,4.27
1824.0,0,0,4,46372.41,4.31
1829.0,0,0,4,46451.0,4.32
1874.0,1,0,4,18580.0,14.0
1929.0,0,0,4,786.59,4.5
2066.0,0,0,4,1980.66,4.75
2156.0,0,0,4,9290.0,4.92
2156.0,0,0,4,2027.2,4.92
2661.0,1,0,3,180000.0,45.97
2728.0,0,0,4,2323.0,5.97
2745.0,0,0,4,929.0,6.0
3152.0,1,0,3,92903.0,50.0
